x = [-1 -0.5 0 0.5 1];
y = [1 0.25 0 0.25 1];